! Syntax: EXPT (flag for reader), nExpt, beam energy (MeV), theta_min (deg), theta_max (deg)
EXPT	1	309.7	20	30
1	0	9863	99.3126
3	0	25	5
2	1	5	2.23607
3	1	53	7.28011
4	1	139	11.7898
EXPT	2	309.7	30	40
1	0	10545	102.689
3	0	67	8.18535
2	1	14	3.74166
3	1	79	8.88819
4	1	451	21.2368
EXPT	3	309.7	40	50
1	0	9755	98.7674
3	0	93	9.64365
2	1	43	6.55744
3	1	155	12.4499
4	1	846	29.0861
EXPT	4	309.7	20	30
1	0	3180	56.3915
3	0	103	10.1489
2	1	194	13.9284
3	1	154	12.4097
4	1	861	29.3428
EXPT	5	309.7	30	40
1	0	5604	74.8599
3	0	158	12.5698
2	1	273	16.5227
3	1	289	17
4	1	1449	38.0657
EXPT	6	309.7	40	50
1	0	9005	94.8947
3	0	205	14.3178
2	1	273	16.5227
3	1	335	18.303
4	1	1897	43.5546
END
